Vector delta y pi con el algoritmo de dijkstra con el archivo prueba1.in

vector delta
[0, 82, 117, 119, 100]
vector pi
[None, 0, 0, 0, 0]
tiempo 0.04

Vector delta y pi con el algoritmo de dijkstra con el archivo prueba2.in

vector delta
[0, 88, 32, 67, 93, 79, 67, 83, 77, 53, 40, 47, 49, 63, 61, 51, 70, 91, 37, 64]
vector pi
[None, 11, 0, 0, 0, 10, 18, 10, 10, 0, 0, 0, 0, 0, 0, 0, 18, 2, 0, 0]
tiempo 0.03

Vector delta y pi con el algoritmo de dijkstra con el archivo prueba3.in

vector delta
[0, 46, 66, 62, 48, 73, 35, 67, 73, 65, 67, 51, 69, 68, 57, 62, 72, 72, 54, 69, 63, 68, 71, 72, 66, 66, 75, 71, 64, 48, 67, 65, 44, 65, 31, 55, 52, 73, 70, 35, 43, 67, 71, 44, 56, 57, 62, 60, 66, 84, 49, 57, 49, 35, 66, 53, 68, 56, 72, 39, 66, 56, 37, 65, 31, 67, 67, 67, 32, 73, 64, 55, 64, 70, 66, 65, 59, 77, 32, 38, 34, 65, 68, 62, 65, 65, 41, 74, 80, 79, 80, 65, 65, 75, 67, 71, 42, 33, 67, 71]
vector pi
[None, 0, 0, 64, 0, 59, 0, 6, 6, 97, 53, 0, 62, 64, 0, 34, 97, 62, 0, 79, 78, 97, 64, 0, 97, 53, 59, 39, 97, 0, 64, 6, 0, 80, 0, 0, 0, 40, 59, 0, 0, 68, 39, 0, 0, 0, 0, 0, 97, 64, 0, 0, 0, 0, 0, 0, 0, 0, 79, 0, 0, 0, 0, 0, 0, 34, 0, 0, 0, 53, 80, 0, 0, 53, 34, 34, 0, 1, 0, 0, 0, 80, 6, 0, 97, 97, 0, 0, 52, 52, 4, 0, 80, 43, 64, 0, 0, 0, 39, 62]
tiempo 0.05
