100
0 46 66 117 48 117 35 97 81 110 85 51 78 78 57 63 83 107 54 92 120 111 117 72 112 91 113 111 103 48 71 78 44 78 31 55 52 113 111 35 43 72 76 44 56 57 62 60 90 96 49 57 49 35 66 53 68 56 87 39 66 56 37 65 31 89 67 67 32 91 84 55 64 81 114 84 59 99 32 38 34 90 117 62 85 110 41 74 93 87 108 65 112 100 104 71 42 33 91 97
94 0 75 79 83 79 101 78 81 34 75 94 84 110 55 65 87 44 103 105 89 36 70 120 81 71 112 78 58 72 31 45 73 109 46 39 106 104 97 63 87 49 35 91 33 30 82 107 75 92 97 31 80 103 51 58 52 119 73 66 40 115 62 47 39 70 61 43 31 61 82 89 51 101 46 40 100 31 98 39 119 97 80 70 98 114 78 66 65 65 95 49 100 87 96 103 93 106 39 64 
43 82 0 31 90 78 113 36 68 54 108 38 114 97 87 112 81 102 64 47 87 74 110 67 53 63 120 51 55 118 104 111 77 62 114 87 37 88 82 53 59 76 97 97 42 113 116 108 53 105 68 33 86 118 111 75 107 70 65 96 75 36 40 52 41 36 117 120 38 62 91 32 104 54 115 67 103 96 120 110 41 56 84 59 97 51 95 95 114 74 67 88 80 116 120 61 37 55 88 33 
83 115 94 0 112 51 90 60 51 50 103 63 54 73 96 41 110 79 69 44 87 41 56 50 76 60 33 69 120 82 103 92 32 51 55 94 39 45 79 34 111 30 55 59 69 114 56 83 75 99 67 37 88 63 45 112 79 67 71 94 44 54 53 83 91 37 64 93 33 64 61 90 65 71 51 42 49 104 72 46 42 40 105 33 74 84 65 67 66 57 69 60 91 94 67 111 96 75 112 118 
61 90 118 61 0 54 36 62 87 113 112 115 40 99 70 86 57 76 66 104 32 90 118 44 42 57 78 79 120 115 102 65 103 104 65 104 116 72 48 113 47 102 66 68 99 77 72 108 106 37 114 78 103 36 68 34 68 45 38 97 32 37 109 60 97 96 109 46 77 82 97 51 111 99 69 46 119 51 80 31 81 39 115 37 65 69 53 105 92 102 32 119 115 113 86 88 81 84 74 45 
80 67 66 110 72 0 84 98 63 35 109 53 99 103 108 72 117 83 34 46 95 44 82 69 58 97 39 33 90 97 35 40 65 80 71 70 43 39 74 89 41 94 95 118 98 33 40 48 120 74 82 41 51 77 74 33 60 40 115 83 119 56 99 32 116 76 74 48 52 53 55 35 38 77 88 42 48 62 119 49 40 85 54 35 60 71 83 36 109 32 90 46 105 105 39 117 105 33 63 93 
38 76 99 101 46 102 0 32 38 96 85 57 70 59 34 112 111 56 59 56 68 117 97 72 81 90 79 102 80 39 68 30 61 115 64 101 111 39 71 72 34 102 94 44 111 40 101 64 97 66 112 86 70 80 61 119 65 66 68 33 47 98 87 90 80 67 59 36 107 55 43 32 75 72 54 64 45 51 71 78 40 61 33 98 82 110 114 52 78 55 83 67 37 91 97 83 38 75 86 69 
45 53 103 55 109 109 30 0 48 84 41 36 57 89 120 57 116 46 57 95 112 35 79 47 63 106 98 48 77 63 41 108 80 100 37 95 77 49 108 59 62 44 45 32 100 113 64 51 99 99 101 43 62 63 90 82 117 66 79 118 53 83 75 31 30 59 49 72 99 78 106 101 108 99 81 108 42 100 88 55 36 35 68 107 63 82 78 52 44 63 44 75 59 37 70 113 108 69 117 30 
87 94 97 52 60 69 73 62 0 117 114 68 114 120 109 35 43 91 63 45 84 46 101 89 119 32 52 61 73 107 35 37 40 118 99 88 60 41 97 45 78 118 116 94 41 51 56 89 55 120 105 116 49 69 116 75 101 106 61 111 31 51 118 42 70 101 49 67 86 44 118 59 102 38 31 58 59 58 55 55 61 61 48 102 85 88 86 78 47 90 97 116 70 30 77 56 65 94 34 44 
106 92 68 81 75 78 78 59 51 0 75 53 57 71 76 99 98 49 47 118 41 67 60 82 116 74 49 85 71 73 117 72 41 74 68 61 42 105 54 85 51 92 51 42 71 120 100 32 63 92 81 58 115 48 45 50 119 92 71 45 79 119 81 44 103 53 41 84 100 49 117 53 89 56 31 118 37 55 113 110 80 36 36 112 95 33 85 62 38 59 43 64 44 91 30 73 51 57 80 73 
45 48 54 50 93 34 75 111 93 105 0 61 70 85 78 76 41 38 94 44 114 54 70 109 69 98 35 99 115 101 30 36 38 52 107 71 82 33 45 98 38 107 104 46 85 80 52 88 90 100 66 92 42 71 114 118 62 52 61 102 30 77 75 64 112 111 84 89 48 76 71 104 46 70 114 38 41 77 76 53 83 62 111 111 115 37 34 95 77 105 60 53 60 65 88 53 107 45 114 35 
98 89 105 30 59 32 40 76 92 63 102 0 74 73 77 39 96 63 75 46 82 86 88 113 44 63 111 112 85 49 113 40 87 61 98 106 102 108 114 104 62 41 77 103 94 81 78 98 75 48 35 116 57 86 86 93 70 111 104 69 106 78 49 102 77 62 58 30 48 56 97 93 77 39 77 65 91 79 39 48 86 71 63 74 116 55 65 37 103 63 86 67 101 75 93 31 118 43 95 72 
43 51 43 114 89 82 52 90 91 53 111 120 0 56 116 90 47 110 71 104 90 51 112 113 35 68 38 43 60 74 59 119 108 107 62 42 70 61 93 54 47 88 46 93 55 64 110 49 86 113 112 63 113 85 104 119 80 31 54 74 117 49 120 41 72 69 33 74 106 78 119 76 120 66 83 41 30 119 108 117 114 101 45 112 80 117 32 72 52 35 114 88 86 59 83 48 77 47 37 97 
71 70 85 106 45 120 64 97 65 57 113 30 93 0 120 71 111 86 87 89 97 107 111 44 85 109 111 92 82 34 93 97 93 43 45 32 45 120 80 119 98 72 105 109 65 70 32 58 34 33 113 80 84 35 101 33 100 61 91 54 38 45 104 68 49 67 110 51 90 64 73 42 47 116 102 105 61 104 101 50 41 107 31 115 57 48 100 60 80 105 99 73 48 30 40 104 38 99 91 87 
76 35 45 120 90 63 108 86 38 30 61 77 64 76 0 110 44 57 110 88 43 103 37 55 34 78 105 73 86 85 80 83 46 76 106 33 65 76 72 67 67 118 61 69 85 114 58 43 39 119 114 115 103 115 32 65 40 50 32 95 95 53 93 39 118 59 87 37 68 60 59 45 44 37 116 114 62 40 47 72 46 71 39 54 108 62 77 63 41 96 68 34 91 116 42 51 31 91 118 56 
79 77 115 110 84 68 84 88 77 118 106 108 58 45 35 0 91 99 100 96 63 89 89 33 67 50 102 95 32 113 89 93 70 103 31 89 111 59 97 94 80 83 69 61 74 53 85 59 93 33 70 96 65 102 109 72 85 99 45 111 46 86 107 102 75 104 82 71 53 60 86 103 47 69 55 50 103 109 41 74 66 114 54 107 89 91 59 35 89 100 77 117 57 34 82 98 105 112 71 116 
40 59 110 57 84 90 104 51 91 32 118 96 113 37 106 67 0 60 41 79 49 117 85 91 98 41 84 61 102 81 68 66 65 72 41 120 99 108 50 76 97 116 90 67 102 102 79 100 102 67 82 83 90 112 76 63 107 96 84 66 81 44 30 118 57 73 87 97 102 71 47 54 59 118 57 71 96 40 78 86 97 43 107 90 72 102 45 84 83 53 80 73 80 90 102 46 80 100 106 64 
119 93 45 69 116 95 91 79 104 70 90 110 106 68 56 70 76 0 94 70 97 36 53 33 47 69 80 101 61 46 69 117 100 111 45 84 72 108 96 106 61 56 108 63 118 94 78 34 106 53 76 92 99 119 73 40 112 95 67 119 114 35 41 92 49 74 106 44 57 104 88 119 95 68 115 43 120 51 91 34 38 70 99 108 109 106 76 75 98 37 94 30 107 43 34 48 54 69 85 86 
86 117 112 57 108 77 101 44 91 108 62 39 119 77 78 46 38 52 0 120 120 59 30 95 99 69 86 32 75 83 116 96 55 52 92 102 51 117 104 115 89 37 98 30 102 85 79 106 112 53 110 86 84 40 106 86 38 49 31 71 48 38 85 36 112 70 43 107 70 100 38 77 34 45 88 79 56 116 103 85 79 75 64 100 33 113 64 91 45 50 60 89 40 67 61 78 63 70 99 92 
94 110 113 109 79 60 65 107 52 85 39 109 45 67 85 45 110 54 108 0 109 55 59 66 35 31 120 104 41 99 41 115 62 65 30 51 120 31 75 55 110 94 71 88 54 99 32 30 76 32 110 58 99 66 57 83 90 87 100 73 81 84 112 105 117 59 82 84 74 119 115 98 105 66 93 109 114 30 104 32 73 107 45 64 66 118 31 112 30 88 45 98 92 43 37 79 79 114 34 69 
106 111 62 117 106 82 83 73 44 102 55 53 65 90 71 43 60 66 87 111 0 39 44 93 60 118 46 82 44 32 103 73 106 53 67 32 90 94 93 112 81 74 49 99 50 62 74 35 103 113 40 41 49 62 87 70 104 119 38 105 87 90 50 93 95 80 109 81 104 120 112 36 71 77 55 117 64 44 67 36 63 69 46 39 63 60 79 72 36 70 117 41 51 76 41 101 49 99 42 58 
118 38 36 117 77 91 97 75 44 86 103 116 76 32 45 85 106 107 84 66 105 0 33 39 97 67 80 101 99 111 93 64 60 96 52 73 110 36 96 118 67 39 69 40 119 95 117 74 93 108 108 65 93 86 31 84 95 120 71 94 76 120 43 83 80 65 37 109 85 120 46 44 109 62 118 47 92 58 54 83 48 68 103 96 99 42 107 38 76 68 34 59 48 55 99 86 33 116 57 39 
53 103 117 104 79 83 63 97 120 44 80 82 72 93 38 109 79 96 62 64 120 33 0 76 33 119 96 112 119 95 82 84 90 118 35 115 65 52 93 112 53 50 44 107 61 64 69 76 108 119 68 119 71 45 45 78 54 38 95 43 52 39 32 106 116 79 78 31 116 103 98 100 54 94 55 77 85 46 62 32 67 36 80 76 88 57 109 90 51 91 74 67 110 81 42 103 114 35 103 41 
58 92 88 34 88 90 110 37 104 86 83 116 92 33 108 105 103 46 89 35 83 115 91 0 49 75 89 83 102 115 108 30 62 31 99 111 56 33 92 120 48 48 47 105 48 87 70 79 110 80 49 109 72 92 107 88 38 76 67 58 59 100 102 87 53 94 106 41 40 74 43 35 69 75 97 93 94 39 51 68 90 64 109 113 103 63 91 80 90 69 54 119 113 103 92 45 34 35 95 111 
117 45 34 87 58 113 74 61 94 104 71 73 84 91 89 120 80 59 109 90 68 94 91 67 0 43 93 92 72 94 118 118 72 101 37 50 114 100 33 91 76 65 74 71 100 69 95 92 48 116 109 55 109 39 91 111 101 61 62 83 87 96 71 58 56 71 75 110 66 42 66 113 118 98 117 108 63 34 109 46 82 81 38 55 63 59 68 73 57 63 33 120 81 64 65 109 63 86 82 110 
38 74 62 100 43 42 55 106 52 100 104 83 88 38 59 102 113 59 106 79 114 50 53 50 39 0 97 95 33 117 65 91 95 31 47 100 110 68 45 79 114 71 58 36 118 32 48 89 118 31 66 54 88 60 87 77 56 94 32 58 82 54 62 64 98 109 57 69 100 67 81 76 64 81 99 101 73 79 35 120 85 106 120 75 118 100 104 57 108 55 55 76 31 111 85 34 51 99 50 116 
94 75 44 113 63 30 96 57 107 47 119 86 118 35 97 53 107 80 70 86 87 97 54 50 30 42 0 49 47 31 41 71 119 71 104 110 80 92 60 109 55 48 58 51 85 102 55 47 87 57 62 116 118 89 60 37 78 101 101 67 61 97 114 114 60 97 92 94 81 49 39 119 66 58 30 90 103 61 66 53 63 70 77 46 119 45 61 107 108 97 71 87 91 99 108 54 84 65 58 74 
53 56 68 97 111 87 99 55 63 72 37 110 48 43 92 108 109 46 105 37 63 32 107 38 50 105 78 0 117 70 80 83 58 47 87 110 49 109 89 43 62 73 51 95 100 96 99 31 113 115 94 113 35 91 44 98 114 49 83 80 99 105 45 39 87 80 46 90 86 58 61 54 114 80 107 86 47 56 41 54 74 87 65 59 71 100 95 91 101 41 35 65 103 81 104 82 39 67 67 51 
57 113 69 93 74 61 47 75 69 88 57 93 70 91 61 102 71 95 102 84 70 77 119 106 39 84 55 62 0 47 84 39 92 79 52 51 102 76 89 30 79 62 64 103 62 94 72 72 92 92 41 31 96 56 81 69 32 113 84 92 58 59 82 45 43 70 96 61 72 48 76 117 37 76 112 50 98 110 49 51 41 111 70 41 69 81 88 110 49 100 44 110 105 66 102 95 116 77 98 59 
45 68 120 93 96 89 65 77 41 96 112 111 65 75 75 104 85 51 117 50 33 62 113 88 103 53 111 35 72 0 97 74 78 55 95 90 58 63 56 42 102 91 53 87 36 64 116 56 65 86 57 56 73 67 76 69 93 56 72 44 119 120 102 41 64 64 94 108 95 55 119 44 42 74 105 81 87 44 105 31 96 76 90 104 50 30 76 38 95 58 41 34 44 41 42 70 93 109 80 32 
94 77 63 62 75 115 34 117 65 82 32 105 45 109 105 90 46 100 32 49 89 67 33 92 38 86 117 100 80 110 0 110 74 57 77 44 110 57 76 52 41 91 82 63 87 49 42 115 79 94 69 106 60 113 54 100 53 37 66 86 111 35 36 94 40 31 70 45 74 63 99 100 32 62 112 59 67 79 108 61 102 54 42 109 43 91 54 62 114 63 53 45 92 101 46 120 89 77 101 78 
102 109 57 118 96 57 51 33 107 110 64 94 116 96 101 68 108 72 63 30 33 44 80 36 99 105 38 109 93 88 89 0 98 55 119 116 88 80 60 68 89 43 32 101 94 47 92 111 91 83 39 103 104 86 56 32 72 99 73 32 37 32 55 109 60 117 64 37 97 53 107 109 53 94 67 41 36 110 57 54 43 36 98 31 112 119 62 36 84 109 76 111 73 76 80 51 78 34 36 35 
61 51 72 107 116 59 112 106 93 82 37 93 75 56 74 105 33 43 31 46 48 115 39 103 99 97 99 41 50 105 73 56 0 99 69 120 79 98 41 82 46 42 117 105 90 33 97 104 50 53 65 89 111 74 50 52 92 75 118 78 31 46 69 51 69 81 97 115 75 47 101 85 58 34 41 60 108 94 37 106 59 89 66 40 40 87 98 118 108 108 79 40 77 93 83 99 45 111 37 61 
92 88 80 74 97 43 46 47 105 56 47 67 109 92 120 48 71 56 77 40 44 66 44 86 88 31 104 37 67 83 89 54 103 0 119 108 105 95 120 116 85 82 74 80 85 66 43 48 109 79 115 50 31 116 118 89 47 77 99 76 94 81 40 61 75 73 91 109 87 42 96 85 89 58 33 45 45 32 59 80 61 102 96 94 85 61 97 33 91 117 31 71 46 74 57 109 99 47 75 59 
85 53 63 55 83 56 108 43 75 94 67 68 97 112 101 31 101 94 57 52 90 79 74 60 78 73 70 94 98 120 104 74 49 90 0 87 36 109 58 33 75 82 74 46 114 41 74 54 109 81 94 119 93 55 101 83 88 41 78 60 119 67 87 102 86 36 120 62 106 100 59 70 108 112 35 34 103 49 49 103 119 73 38 77 38 89 92 58 64 58 101 116 63 72 53 113 50 119 49 59 
102 67 35 98 58 119 57 43 108 40 77 42 44 30 40 50 100 45 69 70 100 111 50 55 97 51 106 95 96 59 41 57 108 94 58 0 75 120 60 31 37 78 65 84 43 93 43 74 113 39 52 64 74 59 54 50 86 104 115 60 117 95 120 112 71 69 60 92 116 41 72 102 102 32 91 45 107 104 47 73 50 55 51 56 109 97 73 51 79 90 80 111 96 90 30 53 37 35 49 97 
99 35 78 115 51 51 45 88 83 39 81 31 105 56 104 31 42 56 101 116 120 80 70 62 108 73 88 84 65 106 107 95 63 79 88 47 0 57 61 94 53 49 107 74 32 109 86 58 118 68 48 90 75 91 81 34 40 93 112 85 49 78 58 104 97 117 88 68 34 67 78 72 63 88 99 71 118 54 107 103 62 42 74 79 71 83 80 88 63 60 105 37 52 39 35 68 99 34 120 89 
89 100 55 36 72 63 43 112 103 88 36 104 44 47 95 88 39 51 66 80 74 90 61 68 111 65 78 49 45 113 117 34 32 120 81 118 61 0 35 109 31 38 120 89 64 57 94 114 45 118 93 49 113 68 88 104 58 61 71 38 96 37 70 116 32 85 118 91 106 44 39 78 40 56 112 118 100 87 95 45 114 113 57 46 35 34 67 33 38 112 110 55 79 48 82 110 60 104 46 61 
111 114 112 111 85 90 77 76 101 116 89 104 86 32 105 94 55 90 53 47 60 115 70 98 60 103 68 67 99 79 60 56 63 101 42 59 50 89 0 30 46 50 44 85 51 33 50 83 114 82 80 72 44 116 71 117 120 65 77 79 83 64 47 48 54 31 90 46 46 35 75 85 66 42 70 95 119 91 107 30 81 65 91 112 104 101 95 119 98 102 62 64 47 33 102 67 75 33 64 116 
105 67 90 94 47 115 103 75 55 79 84 77 39 70 69 97 59 52 36 64 31 107 116 61 37 67 81 36 80 61 75 114 62 74 78 87 75 71 39 0 37 46 36 75 61 115 89 102 88 92 104 86 35 67 39 89 57 60 99 90 78 50 71 35 112 77 84 108 64 87 77 30 42 64 62 54 31 109 56 86 70 46 86 43 87 88 104 114 86 60 108 39 104 58 103 41 67 81 32 65 
78 95 68 37 70 68 32 37 93 50 37 74 94 64 30 101 54 50 83 55 80 108 55 66 89 59 83 74 82 31 66 80 107 88 102 88 48 30 97 70 0 67 95 65 96 101 82 75 39 57 76 108 80 32 120 60 97 55 112 93 108 98 33 41 43 95 98 115 58 111 83 84 75 47 45 34 52 60 92 117 73 58 53 52 53 86 78 90 106 80 65 51 70 46 46 117 71 57 60 99 
113 96 38 96 62 48 93 94 112 64 45 99 31 94 84 100 57 31 75 66 39 30 90 83 44 32 52 115 52 35 92 62 81 39 85 67 85 107 116 95 37 0 45 32 54 112 52 48 103 113 120 41 37 120 102 40 81 60 36 118 44 100 34 106 79 49 83 43 113 106 99 73 93 98 103 109 73 36 100 48 46 58 58 68 32 81 96 51 57 35 78 111 100 79 71 31 63 120 78 101 
52 80 30 68 71 113 44 49 62 45 61 40 44 76 36 94 109 86 104 118 61 83 34 85 47 119 70 90 65 53 118 81 94 111 52 43 107 84 94 59 52 36 0 57 84 66 77 108 108 109 39 62 48 42 64 87 80 82 61 109 60 50 100 47 77 41 107 94 86 57 92 93 34 116 31 54 110 59 48 110 45 52 90 105 104 48 66 33 119 94 30 70 95 63 54 81 63 112 114 85 
120 102 46 109 90 106 81 87 43 102 106 95 70 97 92 59 101 74 103 53 70 106 94 95 88 63 51 55 53 50 65 54 91 33 79 35 56 56 85 84 115 33 41 0 95 104 89 96 78 43 75 35 110 43 79 50 82 74 86 106 77 39 104 55 69 93 40 78 93 112 66 70 60 57 84 106 56 57 87 73 105 48 72 51 54 57 72 34 110 66 102 42 113 31 97 45 48 40 101 51 
106 100 92 89 57 109 89 84 75 111 51 99 84 113 56 109 70 77 31 45 33 90 59 40 31 56 93 99 91 94 68 34 78 67 94 76 106 96 73 74 68 35 56 49 0 58 34 34 63 96 43 33 32 48 72 57 94 73 118 104 80 118 111 58 92 116 80 116 105 82 53 113 49 60 81 82 43 48 39 71 78 112 65 37 30 56 87 49 48 70 89 105 42 112 75 118 110 64 31 117 
49 115 99 43 65 46 108 62 99 55 119 70 67 69 96 120 46 57 58 113 111 98 43 31 113 90 37 102 31 42 53 70 103 40 68 94 62 67 44 51 115 52 93 48 40 0 76 90 67 91 71 35 55 111 118 45 42 37 68 71 91 67 30 79 97 107 96 50 105 96 74 104 97 34 45 107 91 80 113 37 71 50 90 33 85 90 71 101 72 41 59 86 94 46 100 83 51 109 105 89 
102 113 94 98 45 98 111 94 94 32 66 111 62 103 34 76 98 41 106 89 116 37 69 54 119 37 43 93 100 31 48 40 45 85 93 31 53 59 65 41 117 104 62 59 81 59 0 78 36 54 93 56 84 30 37 42 74 76 81 41 41 47 101 93 112 64 42 30 54 52 90 68 87 119 116 91 55 106 59 74 71 30 106 90 30 64 34 67 65 115 111 54 118 63 117 82 67 52 71 94 
118 90 75 115 46 42 94 73 53 55 32 93 56 38 33 101 98 118 64 108 41 35 31 120 40 117 112 58 110 32 111 58 74 49 118 114 76 57 46 70 82 56 47 68 106 65 57 0 41 118 105 78 116 115 51 87 66 47 120 50 60 85 76 41 63 116 110 42 114 113 47 87 68 31 110 53 50 33 70 98 35 35 39 104 73 87 77 107 58 93 66 81 57 116 105 31 85 32 99 65 
86 61 70 39 73 102 95 44 115 90 30 57 64 70 108 65 117 112 101 108 111 74 61 108 48 107 69 118 30 46 119 83 72 78 56 56 33 92 32 93 71 96 117 105 47 73 62 83 0 67 77 108 88 83 34 46 87 119 34 76 56 97 31 69 31 118 53 48 116 74 99 76 39 79 79 58 114 39 86 108 100 58 86 103 107 40 31 119 65 107 58 111 93 95 118 41 89 41 43 87 
31 68 80 112 60 77 66 62 114 88 101 38 50 72 99 83 118 92 60 95 53 78 77 52 88 60 64 52 96 70 70 65 79 50 39 46 113 49 65 74 59 38 89 118 58 80 96 45 100 0 103 104 94 46 82 73 41 96 113 68 57 103 91 33 83 65 50 93 71 32 69 72 92 119 55 100 103 45 32 72 77 84 73 40 56 107 74 38 99 58 58 58 35 41 65 94 114 83 78 45 
105 99 56 114 65 93 95 49 31 79 89 94 94 115 67 61 70 103 36 101 115 119 38 106 108 40 91 104 65 101 83 77 108 51 58 119 45 80 78 86 69 47 84 31 92 86 44 66 101 37 0 75 63 115 78 115 106 62 71 64 61 97 97 103 43 71 59 99 41 54 56 93 81 81 49 88 73 120 89 68 33 99 46 118 43 35 64 66 64 89 52 80 42 95 55 56 104 34 54 103 
110 60 80 39 94 111 41 70 64 78 82 60 39 84 44 77 55 108 51 56 35 58 92 115 38 100 70 51 69 59 57 44 67 50 94 64 84 33 88 59 93 74 62 44 79 44 111 107 101 86 74 0 84 91 112 51 73 66 102 52 89 71 107 101 114 96 116 41 98 99 66 74 84 79 81 113 107 48 62 40 37 77 108 112 78 99 62 95 51 111 116 107 44 88 55 57 64 43 58 98 
110 31 98 77 90 98 38 61 60 69 91 61 75 83 50 95 110 61 61 113 97 40 55 31 38 56 113 63 85 76 30 120 30 81 110 93 93 41 106 44 68 89 36 33 98 53 120 35 72 77 69 94 0 111 70 101 104 110 81 101 66 103 84 87 90 112 67 52 100 101 42 81 49 96 61 86 37 80 46 61 85 38 36 113 49 118 104 116 31 30 52 97 108 98 99 71 110 71 61 120 
41 72 109 53 89 85 89 37 50 43 32 101 40 42 58 51 90 118 82 65 87 65 79 72 79 31 95 36 103 42 93 38 68 57 118 117 53 63 95 115 73 107 99 37 108 70 48 101 78 107 30 71 80 0 48 78 62 110 46 117 107 108 64 116 31 119 101 92 30 38 104 97 105 35 96 51 81 95 99 78 85 36 79 48 65 44 105 98 53 50 93 67 37 79 44 93 78 69 86 103 
70 52 114 30 70 39 59 85 111 42 109 85 61 81 34 108 42 72 39 67 37 48 44 97 75 67 112 55 95 100 103 67 112 100 81 38 36 73 103 98 87 95 36 83 115 50 71 104 70 76 118 71 111 40 0 105 84 32 107 42 33 112 80 115 105 71 70 53 91 92 37 93 95 54 94 72 39 42 73 93 81 89 107 99 54 33 59 80 87 91 82 68 67 61 112 114 56 75 67 74 
37 93 60 62 33 92 104 32 89 58 54 119 77 60 92 87 102 71 104 88 98 60 49 70 81 113 79 117 105 60 95 33 48 83 68 45 30 41 62 48 83 107 87 116 89 68 55 54 54 92 104 93 67 74 97 0 64 46 57 109 95 86 103 115 97 36 34 107 44 113 42 94 111 50 32 53 63 82 117 41 88 30 70 92 103 53 53 53 39 61 78 75 63 37 58 38 65 48 118 34 
67 111 112 84 99 43 104 93 91 51 62 44 79 30 110 78 100 87 75 106 69 33 53 31 67 48 51 85 68 59 103 63 51 95 82 73 91 84 105 79 78 94 80 110 60 80 119 48 108 74 38 44 32 30 71 87 0 53 42 96 107 64 72 74 107 94 113 100 116 66 108 38 44 78 92 53 70 97 54 31 100 119 86 64 67 71 54 104 67 87 40 93 119 108 44 46 66 56 67 70 
81 117 39 79 106 105 64 88 114 118 36 49 59 89 55 109 115 102 59 49 88 104 102 78 54 58 96 93 94 30 107 92 79 76 42 95 56 76 80 51 64 62 65 55 95 65 66 49 58 113 37 101 117 87 103 92 47 0 93 108 48 90 49 107 34 81 101 51 40 88 57 75 86 86 84 87 45 73 120 73 104 119 119 86 98 74 36 102 58 44 41 103 111 65 96 33 96 71 101 106 
83 111 73 50 46 72 74 118 82 92 71 99 112 37 48 75 41 111 43 71 72 42 55 30 115 79 105 102 81 81 43 80 62 49 93 117 65 113 49 80 56 79 96 62 56 55 70 70 63 79 45 107 84 77 70 90 83 120 0 59 115 60 89 120 84 54 34 35 56 118 111 101 100 43 63 100 48 118 30 113 75 112 97 56 74 58 69 69 106 73 57 83 63 69 119 85 106 30 70 111 
41 66 111 113 46 34 38 35 61 61 31 103 110 58 108 72 82 58 51 120 44 51 92 118 57 51 36 49 68 113 93 85 93 59 58 63 111 62 31 83 54 49 119 63 110 115 112 108 111 96 74 83 58 40 74 118 61 90 117 0 109 118 68 120 110 63 30 109 69 82 78 33 84 104 56 60 64 52 73 84 80 90 101 80 65 53 89 59 54 63 52 36 97 40 63 82 56 45 89 112 
63 74 53 102 75 59 74 101 109 115 58 55 57 51 71 117 55 90 104 98 111 45 88 60 104 35 35 36 87 63 74 52 32 54 40 120 115 30 89 114 98 89 44 69 104 104 80 67 58 80 96 77 36 109 86 83 92 72 84 85 0 68 103 54 107 36 47 81 56 84 49 71 74 32 56 114 58 77 66 73 86 44 84 41 119 100 100 94 98 38 116 68 105 119 116 61 120 58 104 61 
43 56 117 59 76 97 72 79 70 65 72 38 72 76 82 39 95 85 44 101 106 48 55 36 95 61 85 90 96 52 111 64 69 77 93 64 104 107 71 39 32 119 119 116 67 74 32 90 32 48 94 89 60 60 47 55 52 35 103 61 73 0 117 84 42 57 87 34 115 56 44 104 56 42 49 101 109 116 61 105 103 88 46 68 31 73 88 43 49 73 55 35 84 32 89 106 114 99 57 62 
95 78 55 53 41 73 47 55 46 48 59 86 32 79 94 92 107 35 75 76 89 89 79 80 111 54 102 120 36 37 106 46 87 101 39 86 82 58 108 77 81 115 78 56 102 55 104 68 116 88 102 96 50 40 45 46 112 36 73 43 85 108 0 38 30 67 101 86 50 79 57 81 102 97 30 104 85 105 85 41 45 100 84 58 34 89 76 78 61 106 100 94 68 57 62 85 82 97 108 34 
106 79 55 99 102 117 100 72 52 54 120 85 111 94 61 79 120 114 41 65 90 61 90 50 76 51 54 106 113 112 73 104 112 97 49 92 77 48 92 76 55 68 87 98 44 94 98 71 97 47 70 76 111 78 116 63 100 75 72 120 45 51 113 0 30 41 51 38 106 46 82 91 111 84 80 98 60 42 108 95 38 83 64 87 90 99 100 95 73 66 55 76 100 100 66 113 83 50 113 88 
72 57 113 31 104 86 117 110 97 45 107 93 57 37 61 37 73 49 46 78 102 101 40 69 59 95 107 65 104 108 36 65 63 42 51 52 70 79 48 46 69 74 102 100 37 71 119 94 87 53 105 45 38 64 61 90 97 102 103 90 90 93 74 72 0 98 94 73 81 91 111 65 104 41 62 55 68 95 76 104 113 47 64 82 111 112 48 62 84 51 92 38 44 73 36 104 75 68 53 91 
91 95 65 49 36 66 97 78 78 52 43 58 86 68 112 52 77 117 115 102 110 63 79 119 104 118 35 50 73 69 35 105 99 118 39 83 73 59 38 77 120 72 73 40 75 116 68 52 42 41 111 97 86 30 114 82 58 61 97 102 75 70 110 59 108 0 111 33 58 104 72 40 62 105 88 102 87 88 96 60 109 97 72 98 79 117 64 51 36 73 76 53 97 88 49 108 76 30 92 42 
104 59 76 79 51 67 62 90 104 95 88 97 105 116 82 37 87 38 65 35 65 94 38 119 39 111 94 33 106 73 53 67 118 95 52 68 85 49 42 92 73 33 69 81 103 50 38 105 70 117 49 75 30 82 33 43 89 114 95 54 41 89 120 116 42 48 0 42 42 47 72 76 77 102 109 43 87 44 97 118 62 92 72 45 107 39 76 30 33 52 111 60 36 68 45 83 30 105 64 59 
97 31 61 65 66 71 89 79 65 77 77 30 37 40 33 96 82 108 85 44 60 101 116 57 83 43 58 68 36 48 33 76 104 76 101 79 56 41 64 45 113 98 67 100 36 51 34 33 47 76 107 63 88 70 30 43 42 68 78 98 111 67 79 56 115 81 46 0 30 69 60 89 85 56 38 30 51 104 97 114 51 112 66 80 64 49 93 41 96 119 34 48 44 116 108 85 115 85 74 33 
52 97 106 105 69 118 56 77 93 67 59 67 66 45 34 80 115 45 58 72 69 44 41 97 93 67 98 94 103 36 63 96 116 103 31 103 97 82 86 57 40 35 108 33 89 117 113 117 54 57 92 54 88 33 54 111 57 48 116 42 102 45 74 50 43 106 42 119 0 82 117 120 89 66 102 118 58 71 99 92 75 56 104 89 119 76 63 73 112 94 58 110 103 79 59 48 97 103 60 111 
31 55 48 118 74 55 71 95 38 64 91 66 108 82 47 36 36 81 61 87 113 39 86 67 56 73 70 114 80 81 55 33 99 107 84 90 35 34 64 46 99 73 41 120 110 103 73 98 75 65 73 85 64 57 57 52 32 94 40 34 109 52 61 63 111 104 81 44 63 0 97 103 52 114 61 60 36 54 43 67 67 112 36 100 75 59 61 104 76 36 120 65 48 57 100 86 95 63 46 50 
79 32 51 46 92 46 47 51 63 118 54 58 113 48 42 53 36 53 42 92 38 79 112 75 35 80 67 91 63 36 39 102 85 119 119 49 102 106 82 111 33 65 101 44 76 118 44 99 46 79 74 34 71 41 57 69 32 55 87 51 115 42 86 90 108 46 75 109 30 33 0 40 52 87 89 118 57 69 102 57 41 36 45 65 98 51 70 91 89 89 117 88 61 48 76 34 88 52 109 114 
30 33 84 42 117 58 101 104 98 104 70 72 50 83 115 64 119 33 87 92 43 110 70 46 96 111 61 96 39 96 102 61 35 77 39 63 38 81 38 69 114 65 109 113 60 68 42 120 99 119 105 33 67 68 103 50 50 114 85 34 62 102 93 54 65 90 58 81 54 93 110 0 73 68 75 45 34 92 107 34 90 106 40 98 104 99 36 56 108 71 65 36 79 55 87 110 57 44 60 32 
116 102 72 36 117 106 57 72 67 47 74 60 101 76 52 101 98 48 109 72 48 104 88 37 42 73 55 104 46 45 72 41 56 94 85 42 60 72 85 75 30 112 99 77 51 30 111 78 45 54 77 38 96 47 41 33 33 88 44 32 100 103 38 31 104 90 70 69 104 103 92 110 0 54 70 97 90 67 109 110 46 35 112 63 51 94 90 46 85 84 108 109 76 85 57 34 99 40 82 71 
89 117 43 37 49 77 113 73 43 112 109 70 108 112 79 106 43 119 52 35 63 62 114 110 39 39 59 76 47 44 74 63 106 67 55 78 104 100 48 111 38 55 35 90 62 93 42 97 96 66 62 66 99 115 80 79 102 94 52 108 116 97 120 62 93 94 107 35 106 52 48 84 79 0 82 74 59 117 114 72 72 59 94 34 93 84 78 83 57 100 49 84 52 43 94 79 81 57 69 96 
118 67 97 68 64 42 68 120 45 49 43 39 47 43 104 86 39 41 86 37 78 51 35 97 111 83 50 85 90 50 93 40 40 48 112 51 54 90 30 72 65 78 76 58 116 53 44 89 79 86 61 32 93 63 59 68 63 102 77 114 45 120 66 72 41 75 75 58 34 56 57 94 64 66 0 98 61 86 76 47 49 30 110 41 56 38 53 46 65 46 48 113 94 114 63 79 52 117 52 61 
76 46 86 96 45 108 63 106 44 52 92 61 101 119 34 47 53 52 52 94 39 106 51 88 103 61 118 65 100 95 103 76 64 65 69 90 53 102 67 37 80 84 61 89 35 71 72 55 103 34 102 120 56 73 33 63 65 68 93 32 120 33 40 120 106 54 54 37 105 47 30 45 117 89 61 0 44 119 69 89 46 88 80 120 50 76 62 95 56 65 41 101 40 58 92 51 74 60 120 103 
107 42 106 98 92 39 78 119 51 77 31 85 76 96 107 44 88 99 69 114 104 80 61 65 51 59 87 32 113 103 78 96 115 70 48 36 64 74 45 31 87 62 113 66 85 99 51 56 77 95 112 66 73 31 105 80 79 37 57 30 113 70 87 103 65 120 102 68 66 50 120 55 68 103 56 91 0 90 54 44 67 74 53 40 101 60 57 39 41 44 58 77 81 113 98 94 86 101 89 40 
48 115 106 78 120 112 74 58 99 60 89 33 96 55 66 101 117 62 107 51 97 66 74 50 48 119 67 96 61 62 82 64 114 73 69 120 103 48 74 44 72 75 110 57 33 43 71 53 113 90 41 65 63 106 42 61 49 57 81 111 51 67 107 36 93 77 103 104 38 110 115 103 87 59 55 71 37 0 75 30 55 110 64 61 32 50 45 94 96 57 62 42 112 44 48 115 44 106 70 102 
95 68 75 78 86 70 43 83 100 98 57 119 86 65 116 46 74 73 72 49 31 62 104 60 41 56 44 101 114 107 54 76 34 37 96 40 103 59 111 34 54 115 98 101 56 55 44 79 91 86 75 31 72 38 102 37 115 105 50 91 117 92 90 88 94 71 112 96 106 68 65 46 103 112 36 57 74 49 0 32 89 56 107 119 120 52 82 46 78 60 112 111 108 95 60 90 67 39 115 77 
80 33 58 63 95 92 34 41 82 79 42 93 115 42 78 79 34 110 91 31 87 84 50 75 116 77 46 85 66 79 60 120 49 82 77 104 32 60 96 99 47 119 65 44 95 39 80 101 81 114 114 99 57 54 78 54 92 107 34 90 100 67 120 91 77 37 106 32 85 109 31 55 59 36 107 80 51 116 99 0 58 33 62 90 115 82 48 89 45 70 65 68 108 68 70 62 112 74 110 48 
68 119 102 87 95 110 45 113 82 79 66 46 116 49 57 63 45 117 37 87 57 49 105 117 56 101 120 58 32 112 52 76 65 31 72 106 83 105 78 118 85 86 106 39 89 72 109 87 87 71 72 37 81 62 94 112 113 51 118 48 72 71 92 56 97 94 87 77 99 101 30 37 69 43 40 111 42 68 95 38 0 31 53 41 120 119 76 95 50 68 62 73 31 113 58 89 84 30 52 56 
47 112 107 63 112 86 64 65 78 55 92 81 102 92 62 95 112 104 92 77 81 87 88 92 32 77 91 96 34 76 72 58 65 51 90 111 119 65 79 92 39 107 70 59 46 118 94 111 30 102 51 114 38 81 95 95 65 113 48 110 72 52 119 114 107 77 67 38 73 65 103 112 43 38 84 52 100 48 80 58 114 0 41 42 96 60 43 41 78 64 30 103 68 120 87 65 89 106 88 65 
109 93 112 55 83 65 61 35 119 39 91 107 43 93 62 32 117 55 100 31 101 35 92 61 108 31 117 39 60 117 103 81 46 60 74 54 46 32 114 104 62 50 102 97 57 48 81 114 88 60 102 60 106 110 107 109 66 115 97 62 114 35 107 71 116 56 44 53 89 83 81 32 97 44 89 70 44 115 30 108 71 74 0 33 55 53 61 109 47 109 47 51 104 37 55 85 50 58 82 63 
93 81 69 120 97 53 44 43 43 42 48 115 63 80 32 36 105 95 69 71 87 33 89 99 119 78 38 101 100 39 89 107 75 47 49 112 77 83 70 104 37 104 89 36 115 54 103 82 101 80 96 37 118 110 92 85 48 114 89 116 83 82 60 73 52 90 106 116 70 77 74 73 99 67 91 53 85 116 54 86 112 75 75 0 87 57 91 95 117 42 37 40 87 78 89 36 85 102 58 71 
105 98 98 32 108 118 43 116 66 46 69 90 116 109 77 76 95 116 110 106 47 108 118 97 111 41 39 92 94 100 42 53 58 77 42 81 39 79 90 70 75 75 54 58 104 71 61 35 100 56 86 91 67 103 44 46 88 59 78 66 93 33 112 40 49 89 47 31 115 118 43 51 66 64 96 80 83 77 87 99 96 53 102 99 0 94 34 110 114 65 54 109 48 100 79 38 57 53 80 41 
68 89 69 93 101 70 109 101 62 56 103 87 65 68 46 58 61 115 83 76 99 34 63 116 96 74 89 58 115 76 34 104 108 76 43 110 116 71 81 90 46 60 60 89 98 111 31 94 65 33 58 109 104 71 102 83 41 84 115 102 63 56 62 69 41 46 73 89 108 32 82 30 35 67 80 105 114 80 42 61 77 74 38 74 34 0 108 56 43 114 86 50 30 67 114 67 72 75 79 117 
77 38 77 38 76 93 56 97 53 106 60 45 44 65 119 96 33 68 36 107 92 68 64 118 103 33 117 94 34 72 93 108 36 43 64 72 88 43 70 65 59 115 57 109 93 66 36 101 71 78 44 71 69 67 67 43 104 116 97 36 33 61 85 56 105 91 51 76 117 112 30 104 56 64 52 55 67 53 75 60 74 113 56 67 59 31 0 68 41 109 93 100 45 95 56 90 63 51 117 120 
111 71 103 115 92 79 114 42 44 60 56 34 77 40 102 66 96 33 118 53 34 71 66 32 40 109 115 102 88 100 85 74 77 54 63 59 111 52 45 34 70 95 72 35 54 100 66 94 41 91 69 59 56 59 42 55 95 82 91 63 31 84 81 79 99 112 32 109 72 77 36 88 47 51 52 49 47 107 60 83 104 102 95 60 97 113 32 0 35 43 56 42 107 31 100 49 58 99 71 103 
110 62 74 117 32 57 100 117 74 55 54 97 104 30 71 40 70 54 90 41 114 94 62 50 57 47 109 68 61 77 35 35 46 94 65 76 67 75 117 61 32 103 39 61 120 33 84 40 107 44 65 78 68 66 112 40 36 50 116 73 104 76 101 84 108 111 54 39 103 103 36 32 56 76 114 111 105 45 81 76 87 118 31 42 74 114 73 61 0 46 71 68 44 69 45 100 45 59 97 102 
103 38 69 113 72 112 92 56 116 31 82 45 119 34 109 104 69 47 107 62 99 69 119 62 90 115 103 88 44 35 87 37 47 52 85 34 98 54 44 30 83 35 106 47 52 88 87 33 87 60 91 67 92 39 61 74 72 47 91 109 110 99 57 96 113 33 51 77 75 89 84 30 118 51 119 95 34 66 88 107 111 115 82 77 69 94 88 40 85 0 103 110 87 59 34 84 65 103 71 115 
87 85 115 106 77 99 103 47 67 116 111 80 41 61 64 32 44 50 35 118 61 61 102 56 42 37 112 46 98 79 53 68 57 59 75 109 35 51 37 74 92 62 61 115 98 59 75 67 106 82 42 51 72 60 96 72 100 47 72 63 77 31 73 86 97 64 69 39 73 55 88 76 118 65 63 112 67 78 88 94 47 75 83 41 116 42 97 39 69 71 0 92 114 49 73 61 95 52 90 99 
120 39 53 97 42 44 67 60 58 37 31 67 104 69 89 33 39 81 70 51 107 117 71 108 64 115 46 46 56 119 82 117 88 96 31 119 43 33 115 66 64 92 69 81 49 69 112 52 109 39 60 33 54 70 34 55 74 31 96 46 35 102 118 57 113 115 66 68 40 56 30 68 100 92 57 43 57 120 118 65 89 74 50 64 64 110 120 83 77 76 31 0 107 34 81 112 43 43 113 76 
50 120 84 43 60 96 92 59 81 108 78 53 37 80 74 116 102 112 31 120 87 69 37 87 76 51 96 39 49 47 45 37 70 65 86 35 85 118 48 101 34 107 99 71 108 84 88 57 34 54 59 36 72 37 85 63 116 113 63 33 41 48 33 61 34 99 112 80 61 87 51 60 86 77 71 71 73 63 59 119 97 84 43 89 86 73 53 113 114 54 69 72 0 96 65 120 91 86 94 46 
63 46 77 98 41 111 74 85 50 83 86 32 57 34 95 117 33 98 120 105 91 88 79 56 118 38 42 88 106 99 100 96 112 120 81 33 55 52 101 48 72 100 59 80 113 116 46 97 83 91 33 66 49 59 76 48 65 70 74 70 40 37 120 63 98 96 64 117 86 67 98 84 105 109 101 96 47 41 69 59 55 98 112 55 55 91 30 30 76 63 56 66 71 0 33 70 111 105 55 116 
67 107 105 62 78 109 116 106 33 104 33 106 61 31 50 64 113 82 46 107 52 37 105 84 89 73 81 64 72 93 41 79 90 54 76 33 112 34 43 93 85 86 44 98 110 44 105 47 99 90 97 40 78 98 30 31 99 96 47 71 91 48 119 36 108 33 104 47 91 119 119 87 95 32 71 118 38 90 70 50 40 111 47 116 45 119 50 116 95 80 89 39 78 92 0 111 68 85 103 88 
117 120 67 71 48 93 82 88 54 46 85 85 39 99 95 44 51 43 34 41 42 93 46 88 44 44 105 86 68 71 80 37 69 69 94 30 51 84 56 62 54 68 46 103 110 67 83 84 42 93 75 71 111 85 83 110 110 70 47 53 61 120 85 80 87 43 115 57 69 62 100 110 113 59 103 116 35 48 69 100 33 71 44 102 75 44 58 31 91 79 42 93 110 38 113 0 76 83 53 51 
69 36 82 109 98 80 110 33 51 100 80 81 37 113 101 35 54 81 120 48 91 45 58 75 46 104 65 43 90 76 106 47 59 31 88 78 56 88 70 83 119 93 114 58 95 69 56 108 102 115 53 56 51 117 51 40 42 77 80 77 36 70 97 81 74 31 80 38 66 104 69 40 32 118 45 106 102 37 59 32 35 102 46 107 60 52 60 70 95 69 79 103 78 118 62 79 0 65 72 59 
86 71 81 77 49 95 59 87 50 32 114 86 40 100 102 65 39 72 88 100 77 35 63 78 33 72 113 56 31 90 111 83 68 40 77 33 57 71 88 65 43 38 59 97 110 96 98 110 33 94 33 75 78 55 50 40 64 112 74 116 79 112 81 94 105 76 106 41 67 50 55 68 84 116 90 110 59 71 40 101 44 114 72 63 32 32 100 70 73 51 103 54 57 68 77 77 40 0 90 86 
78 56 62 82 53 115 66 68 74 55 46 117 115 88 117 49 60 87 54 48 105 42 60 108 102 115 61 87 90 89 61 90 57 92 72 120 79 57 97 100 47 92 102 103 105 55 53 73 72 43 67 31 94 112 54 38 42 74 96 43 94 82 44 49 115 117 117 57 43 103 45 99 100 81 118 80 103 86 120 43 68 97 79 62 32 95 116 90 44 99 63 76 42 115 65 35 59 60 0 37 
51 66 100 76 40 80 101 71 109 43 39 71 32 117 92 43 81 80 35 111 93 111 87 84 108 52 32 90 60 70 103 35 113 43 117 78 66 83 57 67 92 42 95 100 102 107 104 44 102 108 30 115 89 31 59 115 46 113 36 52 39 67 69 51 97 43 39 32 98 85 113 70 86 77 71 79 96 74 105 89 74 82 69 88 111 48 102 47 105 61 79 48 71 32 70 106 55 80 107 0 
0