20
0 95 32 67 93 80 69 91 103 53 40 47 49 63 61 51 77 108 37 64
108 0 61 60 59 77 94 98 91 108 77 78 37 59 110 65 91 75 59 44
109 87 0 99 98 105 78 77 73 82 74 68 111 79 45 41 114 59 80 63
41 44 99 0 86 100 70 108 99 54 101 86 67 40 97 118 117 64 30 89
89 36 101 76 0 103 109 57 78 37 47 118 52 76 99 57 61 41 81 77
97 36 30 99 110 0 62 67 49 47 85 41 46 118 95 117 30 65 56 78
48 31 87 98 75 44 0 96 112 89 64 78 38 89 100 76 71 43 71 95
41 90 76 42 43 74 79 0 71 103 59 63 79 111 117 71 70 114 80 118
105 49 117 57 101 38 59 113 0 56 111 43 51 82 32 47 40 30 114 85
59 102 71 78 106 114 61 111 34 0 39 89 64 70 54 42 76 100 41 57
69 109 84 48 83 39 69 43 37 115 0 32 88 86 72 118 87 95 92 86
71 41 83 55 78 73 79 67 76 87 84 0 53 118 80 49 73 108 117 101
31 113 84 70 64 75 109 91 50 105 98 118 0 69 35 106 110 42 30 109
108 85 104 79 105 89 110 39 56 99 63 41 120 0 73 67 49 100 77 93
85 43 71 119 100 59 56 78 103 83 100 110 96 55 0 72 66 119 117 65
84 75 97 74 49 120 46 64 35 72 77 110 66 60 39 0 97 80 90 101
61 49 30 105 49 86 97 91 32 78 44 107 34 60 33 118 0 120 118 54
58 101 80 100 108 51 95 33 105 93 110 120 87 67 34 79 73 0 50 35
32 120 33 95 115 60 30 87 118 81 96 97 33 110 117 94 33 88 0 51
47 47 61 87 101 115 92 103 54 79 50 97 118 78 47 79 68 94 102 0
0