1000
345779
735024
748317
263701
356583
176006
4086
684348
77056
390528
999450
349216
765744
992094
874147
690769
498818
696524
424323
437709
925680
370934
515051
640317
197871
473786
707237
526719
666023
846299
889836
771291
921310
907632
263362
408136
910471
524226
766477
328156
224939
572749
3457
132654
578792
639359
329110
264648
532519
645693
541732
505882
479986
226090
347581
606228
38741
544678
924729
623770
423088
732847
384836
434128
605705
414337
494236
143068
725105
567067
734476
429343
367358
456994
689754
333629
676591
690788
902625
440537
601257
837385
34487
833092
284338
207463
419563
917274
470181
434967
710309
322814
356867
315884
765688
840582
129959
456850
74002
335730
520541
687921
731350
855060
336417
417645
976580
693214
603744
17727
645754
612358
544585
741144
712931
217085
336194
104322
117266
604891
258912
744346
412011
809676
623372
838853
8233
150708
405177
734409
816085
400710
140317
272845
327735
356217
916830
631793
154317
523110
643994
958375
628799
316717
75535
871349
493383
140998
434813
274929
658979
899725
957172
540137
288579
714054
634164
723618
488603
153829
426018
516375
54180
329253
413917
341440
656994
163352
972896
367835
711462
743375
763405
480140
888163
326509
353500
46099
789903
492496
251114
370891
463305
36501
590874
704016
104994
83321
156870
521796
561502
902136
998166
852869
283884
774378
897447
930173
251533
249889
964
988141
832559
344025
372604
850641
628134
959426
312599
697352
391799
119968
80385
1502
669463
649581
237101
270101
314284
937355
227150
701720
624140
249303
571533
722157
209300
700387
691860
560859
899750
840121
44276
853856
495538
556733
718357
586758
773116
108661
91060
880699
815171
886386
625301
150916
770899
490042
98218
583031
489532
59248
880914
969744
904384
697095
621000
174315
65915
281689
952395
800580
732241
807808
193679
899314
776020
543073
288023
415255
489614
888805
141201
172188
387675
85524
302410
333942
121276
71974
306495
492210
736320
962168
809478
619793
443594
345892
32781
467670
570604
895001
228336
747769
360783
952079
943924
487503
377866
329066
557727
471037
999134
552778
766435
414967
861296
670336
483845
882446
908831
292423
65167
587179
174500
447635
391146
937380
131069
752543
705611
644313
898599
690204
439245
397722
854489
843606
642374
816399
576365
169210
220897
278673
984290
383246
460353
5447
191829
443383
991984
658674
653863
817210
853483
228733
603338
558481
694563
488674
693096
477947
107255
105624
253937
790988
106674
510355
307481
853990
440362
951155
325958
146786
113308
144046
281470
791249
739291
230486
605821
407428
9432
354788
600469
631872
831846
242487
839913
447282
785876
832912
397529
660699
668633
933240
411351
716300
450971
720654
637170
67686
639934
731129
814990
28914
381450
241262
532512
991452
915430
33195
858998
250036
876806
95440
44202
233066
722304
669261
827425
311686
762153
622428
29670
969521
614841
760602
632217
839533
209339
293840
542755
211094
293461
906706
843986
578409
506051
869793
74057
69244
382463
583576
633130
28215
155219
111082
847406
351259
274727
435399
339672
401067
394941
603316
51370
536285
321116
809936
151585
382144
657560
294501
310228
920850
129107
992328
134717
730487
729962
590706
15759
730837
798786
833269
306436
272320
71024
290597
478881
589532
564608
910409
784842
764593
116086
521004
796701
49494
765548
991811
978807
640202
629105
8208
312106
611785
981969
446984
331528
24798
304434
581897
625341
881380
682968
410253
974826
205416
334871
340993
344920
12152
371561
867684
995509
313760
47373
539526
454469
614104
144509
166641
134961
931265
191801
273032
441281
280998
54166
290205
351648
943428
938378
410741
279501
463088
457566
49895
768258
212634
69837
844593
342393
636412
393241
655542
159729
150629
100746
288598
3322
730805
397298
369578
652375
702864
760587
732380
664690
993327
559473
752788
501031
770886
87078
179321
287869
860663
235905
464207
551669
778727
564651
384138
834862
878828
374033
593414
605023
800030
592498
876706
78884
425968
958295
71299
168646
859840
376659
111775
890314
523959
436271
962823
267009
680212
586848
802261
68069
325247
92613
429221
93087
251002
90304
346761
526621
187273
591177
220167
200613
200539
360012
856896
124003
994820
494977
191508
60035
733317
887556
832857
716933
524092
322358
214719
921450
127192
782724
736081
23391
224008
214054
15914
499649
459136
866706
700455
257708
383760
317590
366883
341076
351136
494258
404151
699258
252066
171876
955750
976718
864600
440238
894328
511478
580802
777129
385628
930597
772623
417389
207196
957007
347814
211528
934702
942893
278198
762388
906368
642567
807914
114010
295481
120013
996108
309625
899310
532072
328499
54742
609438
687923
102436
899883
14650
790271
134324
569712
738094
391273
468658
70053
538895
505944
812361
737676
725734
286259
108987
63256
536340
558450
556060
826816
620346
615711
768320
771963
835162
468286
800661
886378
417296
78951
367838
468018
758687
40062
475218
20539
453130
84025
786171
257552
973813
510160
423672
298750
409779
489513
830097
903513
798178
69150
480054
83865
356822
422623
715016
287247
615354
866367
761029
51286
546853
540112
758208
312765
486237
683340
670474
208827
983790
922310
609325
162649
672559
441880
959500
618454
252165
862404
343855
853677
844641
470187
89189
311094
191252
71522
343137
811949
816524
717511
961676
932267
747537
408881
27446
244625
196260
272407
439544
688090
870634
345495
687236
985761
493851
197788
231038
989888
591977
815123
197309
227700
115832
648464
249187
288294
965027
560360
827980
229090
216941
933201
178184
999004
55893
792864
624077
178619
109288
499307
145698
83004
234213
577859
8374
629759
860492
952260
404419
86848
115517
647140
363056
647632
981196
451482
712207
675542
254278
688674
491906
398509
476469
645118
959374
543607
122163
873649
791461
483311
995320
196222
58493
663670
445346
522843
75558
95180
613987
352730
471395
706217
244597
39616
637573
890885
894533
946482
640538
322545
273185
239469
156137
31457
210233
1731
925513
10006
982787
226313
312346
303940
994371
364282
375444
298574
417785
265843
302031
477373
195298
287652
314163
901621
451158
675530
691849
388040
360047
158367
39118
889294
299344
979440
729065
98553
547015
968348
557901
831779
757743
709292
34331
480019
693135
115705
720932
375283
629894
538134
996681
437344
434207
452412
745000
89172
679471
321542
587839
890218
435088
335572
696033
280377
296103
276375
661572
409011
283205
725296
78885
255666
989506
840177
686093
672534
273958
711272
540996
140415
306121
468388
194120
632164
49044
504789
735562
899127
53468
961213
842654
767157
691639
588935
419577
696027
658434
333509
552550
86067
236453
803842
622818
773224
199272
290438
836046
411852
822276
649304
647310
833282
87212
731520
729797
102714
19462
18020
930229
76496
925017
76375
853810
594676
906765
879271
91865
210814
505098
576352
298462
441007
122813
828982
299915
521923
714065
993428
557721
368419
146441
165614
570041
