1000
251077
636373
219337
197750
620570
475552
422506
298669
856690
825990
68629
788460
496676
869178
946584
450399
280296
944507
827045
614954
177259
337270
579245
689674
115350
600092
971519
218807
50173
926677
85609
621266
786815
756241
753972
893257
731997
663431
411973
179040
177269
494096
383184
875042
404718
270901
67632
759603
189022
823119
800711
728281
775901
688852
794894
27710
475217
945684
690185
868433
69699
909371
880381
689068
207231
244325
517331
719329
658786
921796
746852
614454
385411
845524
178940
192888
949406
207636
555540
782027
814010
23607
239097
89548
665730
369416
600899
530917
325582
76242
306465
61806
629863
588977
876753
814940
902673
612278
671418
538734
368399
856527
967131
960890
44993
75552
545370
206724
649922
28613
445267
487800
120185
796283
451615
391381
440038
965838
722428
150732
49517
275393
877814
774230
10828
775979
518496
943933
703910
575649
545673
785795
569574
318530
447652
156024
534847
932327
706430
445239
35518
933439
800457
724170
624416
657396
603724
81510
487661
968577
748308
275478
405819
656447
943597
161404
765715
720028
790542
389279
848154
291304
262788
136241
605963
28118
865367
551373
188489
276313
250853
67150
390113
281027
917563
413356
736860
90709
398207
118715
351191
659820
764264
865063
906488
507768
126359
580707
675135
317935
623392
384448
291461
524604
388904
991809
347756
105533
686428
149098
248495
922440
471013
233082
741235
44288
446621
837269
651352
855002
146881
899643
89224
54895
248747
294351
58084
407590
999693
655292
414461
82552
904077
319783
606164
457825
129589
23647
304970
949975
235407
158854
732397
980481
367629
985614
753181
46841
736350
301477
250454
695897
932139
663439
453762
471341
560138
857130
541896
521898
313575
862706
133667
255261
278888
3458
755688
712190
364137
881967
97348
948554
601220
106644
469175
442533
84464
835927
427167
536128
395813
307111
712188
550178
809393
825910
120430
881916
497615
272331
305175
981472
320338
268585
156859
536189
246026
17654
47823
452973
8407
34186
712722
563538
486448
327985
281658
288316
957865
122355
450755
310097
970511
326211
398501
724254
358463
92072
32230
932577
474513
519853
993385
822195
395879
681731
497128
848884
31005
688795
944134
100546
576831
889798
358534
616039
468920
862213
880883
928422
663189
841922
693904
187523
926575
317400
265460
120756
332388
263579
593668
182293
87003
559263
365314
552469
122869
67462
612963
500746
678011
606233
576167
968877
856474
495849
500812
689052
324339
209458
558271
124897
891825
797461
49180
987080
886142
504752
711296
883547
71049
471946
940252
466829
452479
970653
979323
355465
237905
473812
671835
383968
426573
968872
345967
18047
866987
3491
669691
307503
104518
649798
318623
138685
505551
307326
684475
443864
509137
202006
726269
283660
427859
890974
87950
87853
288179
578911
539035
502467
535630
686718
333665
858256
855587
902093
547689
188647
964539
589500
512330
51340
826324
112425
602934
539238
127478
451700
705189
452902
307104
392372
5719
252685
444038
389851
887566
981794
53282
653356
635830
164787
739302
100172
44620
424398
775000
632599
73953
984050
449529
892220
488874
253164
901483
880524
491927
633450
560308
178183
974543
645424
225104
644691
916688
686984
656775
976517
825198
460086
496630
133024
47824
93821
663203
692485
576130
643690
605408
887151
607070
365661
65714
500588
593609
843545
964077
581767
32818
549242
890918
32684
874027
119146
568093
954394
757109
250524
243204
696809
949429
328119
4763
905683
598523
97355
171054
94374
375291
875288
183684
84058
282638
779251
506824
138697
535256
862482
533034
687634
264857
510559
431966
937723
160747
233750
135411
701036
930430
513093
529309
578382
266164
933112
149267
705109
467565
830296
565329
979348
194013
739833
382418
881964
109730
53809
993565
764312
170048
135172
660015
756026
963235
533542
171742
787793
772770
779884
697457
775936
912556
869125
386444
613521
99079
62649
927983
386117
609286
584993
497733
918196
339375
16492
111671
128744
318382
445819
504069
14725
544587
313501
913731
360933
141228
87040
579046
200095
25516
274229
468499
790095
564127
442625
196674
498090
506538
86818
153244
765431
217799
987151
545370
997621
318219
689153
420706
431652
412375
758368
567118
589066
630516
963867
150512
388857
665345
981667
772730
127146
807079
224081
141391
648568
745628
702260
103991
213313
785286
704793
334390
357833
123291
780111
64859
827941
824889
820073
830268
894165
362984
1737
36112
853111
26985
897556
460905
66969
516904
444699
139347
121403
326244
715064
82139
641626
242797
909927
936795
879627
980666
498538
277112
389369
227596
207174
514064
446681
973732
802781
481058
385262
513104
770252
132479
329119
183491
302919
901970
848943
221226
924495
548108
705982
44157
591643
324150
684615
354947
267029
135044
9479
504850
594018
879506
319604
633032
947821
842624
370849
863759
185080
369103
859042
10479
816390
548053
634406
117602
181228
722639
678855
719925
125650
168279
522656
372067
179995
949943
20145
909274
384603
419539
709879
708571
875619
226576
556520
569118
888153
838566
851594
185675
924702
455156
958760
707009
601924
53876
672455
692454
410618
562863
925949
169135
751440
34510
561886
946119
664057
848754
162064
754614
689192
941765
963876
688287
560177
18280
284641
627936
628598
792085
662798
554728
732519
211212
328800
870982
761898
925170
673505
703731
938895
666852
680972
940588
275642
706876
536865
628843
269075
31541
399402
794428
628470
703996
299076
925771
579291
439846
539221
427637
134817
874571
989876
103333
773060
800115
474666
708943
625924
241221
79249
931358
887697
595627
675254
155919
144236
57794
303436
487706
826060
927659
168842
510249
942157
376497
231339
117934
579201
458692
953044
353485
994974
649105
744361
371855
902802
506219
718318
307479
522230
81785
924784
997330
647936
862573
58967
195401
943160
637188
232018
523416
678108
547817
148620
915613
977318
164976
281866
220846
864392
217027
817463
163743
583970
972380
420535
92771
848057
713320
353513
934510
842592
197199
191119
109798
573333
817353
770236
205090
906806
965335
519699
462318
243979
346125
999007
381120
549098
177431
737400
803233
460954
442068
2583
697276
109525
922261
341974
76225
568914
704960
232352
692277
108408
94005
68214
599125
239830
632420
159543
204743
525953
5056
468490
324486
715267
35805
588814
949453
429422
6749
203895
966646
256017
839100
818649
563660
253747
474250
324522
958731
401975
717128
448104
290301
341839
714132
46325
368532
59554
236746
859929
921621
548566
777998
620367
825873
314102
322051
388064
787934
174215
78382
777590
917036
866985
494204
415706
368251
669317
830301
215870
935844
61107
374087
752698
645109
352800
54264
209952
713202
693296
406313
311445
947982
297506
379197
474651
767547
180305
519550
601680
874552
72750
734923
929022
504307
729517
947125
229498
242823
775795
589098
237269
542609
686791
109486
600387
787844
88184
473689
661803
90807
455493
762360
396754
