1000
225947
867438
96850
385742
727116
911659
607451
972705
480509
914650
285122
470228
209991
776146
629098
273577
568250
198278
818255
279537
425499
717428
190852
582620
972886
671892
864002
535314
859466
476000
972017
572866
138235
911060
487631
417379
213103
879038
225639
919237
5282
564082
875460
572628
129354
505754
134074
141299
578808
271364
205353
62100
908091
581391
643366
180697
284300
825618
680785
900146
538813
524053
129311
537878
882612
860039
184830
750480
319957
23788
950399
69047
827695
957098
153257
867807
226939
351860
896029
195570
828090
909456
332695
945837
806292
429082
957744
145895
934145
626737
308406
135206
641417
284047
629312
479294
866462
443931
920003
50615
286571
909777
352131
74728
807329
953443
838241
678545
160852
462058
580587
449360
738966
555203
871611
730404
350903
827313
627692
856828
229935
767973
209252
170521
70669
330209
535367
96960
929016
186651
14005
739112
588964
232978
462997
336066
551159
178251
231897
407828
390368
931190
422292
446531
733258
745795
772600
307941
329486
509136
716021
20822
358485
499551
668734
598933
521878
540393
372003
123299
613706
827105
767914
875191
639938
52028
838031
240106
131148
441565
399355
83330
103892
112876
161333
384899
670764
223562
38885
913725
513668
484035
818229
497051
845352
761826
320711
620076
984809
546306
66979
963272
499054
622779
162016
694763
550140
578800
177558
710686
796780
594807
725048
449326
145753
85099
3532
215075
496625
155016
354972
91038
914804
324299
71292
974517
443749
200384
545725
652528
509109
98504
330702
381519
620287
61997
4713
826969
322145
442885
572518
585776
986968
654808
585877
405470
829398
507673
38332
212889
782936
86765
902513
307358
666125
717674
674723
211784
280840
10626
123438
8798
603397
76214
582410
69500
735790
689476
779449
358107
485597
999060
489144
796220
315586
88252
509221
73553
882841
488022
414599
429596
91625
342612
892198
119877
409595
855778
693227
455606
183027
289896
473575
897649
980801
781380
967067
415339
694924
714534
113967
115286
736727
365547
337330
479848
564719
928145
452794
294327
637516
529718
512136
209586
611072
900462
564646
550192
825759
490989
988933
169655
753699
34182
585227
13404
346776
263990
921230
987284
339165
465813
182999
755346
447537
569465
620243
304445
865766
245914
226152
545714
551924
567540
559013
289982
466932
868087
388166
448563
576963
88906
346598
556687
447501
613806
655600
73185
318807
620975
392759
130635
706361
356632
768065
457984
543253
716390
693483
105112
153094
422589
701447
29938
857740
558690
772954
419178
920881
22347
182053
869352
281786
756133
773380
279363
962777
304035
531079
522259
582107
42682
826634
372565
451035
859679
119716
756763
619523
970405
687664
982039
761341
366254
28339
563489
677425
204148
158948
925557
764532
520835
581708
635681
546637
963394
78932
286028
372030
490595
757174
847657
9250
167016
291274
785198
446520
824578
136746
424416
800090
770425
236494
193675
588495
74011
873634
86871
676110
329808
32145
349125
326310
914323
151412
268229
111449
48943
122805
121090
470020
671381
559825
855177
473930
781970
795890
654183
861161
530660
466012
682488
624990
915261
696844
569308
914385
644138
794476
128337
312428
211000
865229
580371
575431
190281
430371
370899
463537
201878
128205
609732
161013
540647
799039
470028
596955
32951
895503
102848
446886
563910
848914
628963
802966
580941
691627
898280
526119
992090
961640
9253
706617
231267
331355
645517
365938
523631
579722
676818
725266
200492
812328
81630
879333
250051
803366
76067
555293
903036
729445
882242
47483
510916
932583
70800
416640
661871
164188
330373
850372
260044
844769
469790
549490
934810
504482
371421
498587
16599
190211
4390
589760
545874
694828
214092
78636
4402
105110
127163
77137
144894
71499
391923
828370
117707
789145
991265
487476
182944
995497
443515
963336
334031
424823
217755
63252
597249
238094
576320
876316
550638
119423
620452
466020
94889
817623
597353
218627
866288
809304
350439
426890
911028
57617
461359
810194
384734
962887
264225
568284
269889
157858
157758
854743
234924
414968
250364
807655
566170
923910
537605
738270
288475
38111
843459
256436
563113
132864
222123
110451
612503
935583
248600
828015
931069
59591
916005
785525
496111
870958
7660
11295
350924
281843
508680
119474
244647
556803
399144
628986
284191
956603
567888
400517
745517
29150
436416
243119
833552
581782
733043
948649
79929
603731
109928
384294
2142
55191
959415
656525
823260
734377
246283
452342
806705
11636
218801
231833
69784
39677
17228
875091
971991
737057
775721
858934
44157
224864
436540
18540
738367
413269
260058
522767
987978
837604
866213
837063
84877
372401
678662
873208
375389
689760
730190
626926
618748
16976
782134
191736
586292
472473
305086
553085
134424
78003
234607
884280
317317
851737
936479
744709
508912
835604
356339
930717
590875
84496
13632
274826
559079
715581
329657
490719
36284
609071
663020
87607
482063
277232
131077
496512
777009
293825
485405
617577
83813
283574
233371
431231
114078
335952
66833
68269
177217
177297
958425
652367
828753
64864
666810
744674
399368
922756
607907
694855
804167
912971
176815
248494
14012
115459
148557
878475
138825
772164
889838
732582
297507
640990
521171
43840
250239
284679
357086
556427
934330
717138
276825
742269
968237
433205
506204
770429
916483
81022
648631
772176
529952
926479
261668
682340
727319
560095
756179
616251
380734
232419
204413
524636
281454
828396
143478
411705
459603
964253
626149
633517
883863
296119
993338
461926
308778
281172
227175
90743
466398
898878
986631
877818
157069
586961
411290
746406
474715
232552
581511
539263
830387
917667
161726
66869
393132
563070
695336
918521
423283
297749
227454
261772
113661
226251
828614
833590
321718
145823
90350
672905
643503
551607
647510
96195
701550
7892
907912
488030
829721
974913
15458
698009
9667
245510
226066
526150
97826
766452
587124
756116
193580
770601
717360
449650
250834
724608
426003
633248
628525
703290
970347
390592
78097
189950
354794
624908
263726
664692
213632
185107
135961
748459
220626
336756
439914
716112
162407
196057
534794
397675
924341
474740
919669
685290
131943
17171
527198
748207
571674
1337
997233
334247
982868
471529
567817
824245
786613
475600
363490
220095
250525
887604
949383
716380
231807
599735
371076
954513
497351
868843
280130
271428
808680
884183
71157
586266
529612
865240
894348
298530
686603
132672
400165
270574
790428
474473
516170
399488
187751
313805
719821
105902
651920
940482
885268
83395
900549
704367
275354
484674
918729
715839
43671
577281
515272
999410
915713
479888
513193
951891
110347
71766
399372
457884
845568
374543
702298
329258
532864
242557
850050
368383
264438
417082
279369
645535
588990
721884
608989
629699
556588
397631
681434
165478
26726
30118
268144
509130
868721
955035
901011
417702
423805
954464
210225
299456
410413
985067
903195
92209
24188
803191
765814
819348
532997
126013
182871
637372
22352
126740
632465
